08865
01782
03530
09515
09458
05171
07994
05993
03874
00714
04937
07664
00103
06771
07065
07348
00009
05802
08567
06021
02428
02470
05422
02245
06418
04537
09816
08413
02737
01829
09735
05622
06163
02068
00883
08740
02289
00809
03781
04852
07606
01968
03601
08819
07889
00476
00137
08377
04944
01392
01119
00199
08040
04140
06090
01047
04073
02744
02794
09017
06701
05911
08737
02674
09417
03319
02604
06025
03430
08795
06171
07496
02521
02616
00267
09427
03026
07054
05176
01337
01448
07029
06870
09969
03112
00976
07702
03322
04196
07006
00651
04918
07195
07989
01844
05619
04576
05159
09010
05280
04384
03830
01971
07219
07109
06659
07293
03836
08483
09198
00650
01589
07560
04072
09804
01321
02960
05969
01656
04412
06875
03486
03295
01237
00142
04478
08849
00441
01835
06660
08195
03685
06997
04276
00070
01731
08804
06596
04052
08825
04757
03362
05394
03764
03200
04710
00868
00073
07045
02562
08894
08502
02206
03719
06755
05561
00393
06947
07479
07856
02955
07222
08243
06732
06268
07708
05214
07376
00350
06919
02504
07691
09005
03420
03505
05024
01901
08123
06044
06546
05800
04902
03037
06690
07574
09852
02854
06693
03995
00870
09212
05429
00555
02489
05956
08682
09930
01980
07819
00399
02517
08940
09053
03696
02079
01106
01389
01852
07143
00146
02285
07988
04681
04381
08188
06261
01747
09967
05072
02394
04667
01525
05048
07236
09508
00169
09140
04982
07538
04448
08149
06761
07913
04034
00661
08893
05870
06071
03928
07568
09617
05774
05621
07849
06585
05955
04154
00268
07506
02076
02778
09279
05172
08645
06359
07334
06375
03318
04740
02062
02593
06565
03148
04946
05659
03808
00173
05644
01425
01877
03029
04893
04014
03223
07535
05715
08382
06734
04012
01061
01133
09609
00993
03357
05559
07102
09193
07478
03967
01167
01156
06292
00347
01741
07852
06034
04168
00371
09619
05135
04633
07784
02360
01277
04830
00374
02587
07906
07763
04516
03303
00030
04235
09394
08436
09277
07881
01842
03351
00579
06905
06093
06443
08240
06678
05236
04966
00739
00462
03997
08990
06117
09578
09531
03747
03364
02608
02705
04995
07987
08059
03136
09613
01141
04358
05686
08480
01247
04396
08610
00909
04991
08070
03613
07649
08882
08482
02346
09057
05045
00500
01187
06573
02838
00218
05401
04712
02819
05913
00967
07194
03476
00842
09097
09354
00469
02963
06018
05861
04188
02653
08537
03399
04882
02597
03866
03818
00043
00626
04611
02411
01574
00285
05516
06607
01472
04819
00974
06370
05798
05736
09588
02268
00166
06476
07161
07391
01948
03482
00502
01975
06880
03891
05257
09231
08433
03603
07359
08381
03418
04527
07183
05197
09532
04364
09724
01013
09064
09530
05161
04348
08389
09811
08504
00666
07274
02187
00628
01557
01547
02288
06860
02401
09656
09199
07159
01795
04655
08270
06124
08212
08042
03077
09194
08010
06057
07257
04985
07551
01305
09559
01594
03135
06865
05958
01899
03093
03006
08678
08523
04586
09095
00336
05081
00520
07279
04782
08634
06820
05925
08499
05180
00903
01264
01776
04551
06867
00797
04522
09842
00228
07510
08850
04101
02985
03512
01853
09119
05337
01107
01046
03198
05404
04875
00260
05981
08941
09980
07474
00710
01928
02304
08876
00112
04578
06401
01005
05460
09015
08399
08580
07791
02203
08909
01956
05932
09425
07238
05323
00114
08613
00901
06756
09468
03443
06456
08722
02791
06266
07534
07891
03803
09084
06051
05729
08050
03188
03193
09725
01043
04067
00573
07235
05177
07752
02420
01984
03656
04002
05676
05567
08034
09373
02693
06713
08653
00833
00801
03258
06667
08605
07719
08784
02410
01137
09740
06100
02864
03444
02335
06426
04079
04768
02255
02965
02739
02657
01492
00183
04704
03796
09512
08019
07270
04807
05936
07016
06417
02665
08011
06809
04422
08972
01521
05785
06208
02226
00777
03301
09312
09947
06252
01502
04465
04018
05863
01417
08029
03275
08088
03445
01756
04106
00705
01836
09455
02033
04659
01477
07383
04732
07519
06884
03615
07464
08375
06017
02084
01989
07482
02870
08608
02483
08044
02633
06728
01336
00772
05920
02682
06387
06088
06129
07240
03378
04772
00534
01445
04779
00788
06243
00292
09162
08146
04284
07635
01816
04978
02832
04243
09768
06717
07779
09526
00478
07563
05447
08933
05385
09522
02767
04419
07680
04316
09137
01027
06510
09208
02390
04891
07700
05085
00758
09544
06878
01168
03897
09990
01933
09259
01609
06566
06866
06648
04270
07078
02583
05604
09353
04334
03325
04477
07805
03129
04050
08859
07526
09919
05735
04120
08705
02060
07424
03972
04568
09702
00216
07451
06180
03411
07298
05538
09722
00533
02262
03861
09382
03773
01563
06953
07919
03396
03313
02028
07444
07491
04564
02700
00620
07716
02237
07455
05788
04591
07658
08719
07974
02867
07655
06274
06219
02451
01155
01456
00179
05039
05014
06536
00649
01019
07175
04403
01094
05513
03151
07998
06921
08750
08710
06145
07134
05290
07433
09862
05888
07845
05058
05046
07089
06796
02967
01875
03033
02669
08004
04996
08426
03642
04862
04670
04901
02642
06354
01532
06575
09949
02248
03717
06472
06318
08000
06259
00019
09271
03543
06240
06821
06037
00642
01288
01669
09917
07839
07232
03266
05179
07712
08222
01076
08977
06284
04968
04237
02629
09250
06845
05796
03535
01569
03016
02525
09431
05843
08841
09867
01847
09714
02824
09151
08184
04896
09533
04280
00557
04040
00263
06027
06429
07090
08939
02367
01327
07059
05375
08306
00856
07324
04041
08247
00083
03670
06912
05067
01185
06610
07951
01055
04742
03346
09727
06182
04472
09612
07796
01734
08410
09164
05116
00239
09327
05489
00895
04246
09453
00861
02749
09665
04812
02646
01287
06016
03334
06111
01097
01845
01377
00377
02548
01291
06587
00351
01802
00603
09393
02678
01283
08361
02914
04407
04719
09087
01079
04352
01039
04589
09587
02827
06085
04475
06381
02266
07902
04764
05938
01258
02355
09748
03737
00822
02317
09348
03607
02406
05479
08182
01371
08934
05233
00317
08582
07317
09893
09077
09360
02111
06069
06168
08315
05520
01032
07909
00174
02212
02878
03788
02150
03877
09032
07890
06285
04733
05822
09885
03883
03987
05706
09297
08488
09799
02413
08796
08768
04906
07595
00140
07319
01139
02456
00091
03515
07717
02336
08021
01157
09292
07905
04541
01692
02122
09344
05878
06906
03369
01468
03483
00150
05243
04292
01361
00920
03339
09820
03477
01036
03320
05041
01352
02467
09399
02786
09480
06464
06630
03797
05086
07500
08774
00195
08142
01817
08809
05694
02338
03691
01174
03195
00897
03728
02721
04260
06029
01163
04505
06814
05250
08098
08116
01931
07670
05119
00701
09045
02104
05307
03982
02866
02476
03142
05953
05608
03743
01641
06897
07058
01546
01003
05786
04840
08396
06764
00089
00954
01332
09217
03663
04990
01595
07780
09836
00662
06096
08532
05095
09155
00364
01646
02565
03279
05183
04874
08094
03347
05525
01051
05789
00854
04784
05504
01623
03643
06571
08465
07316
04089
09232
05130
04855
07120
09188
06782
09437
03782
04209
02046
02835
00504
05087
06556
01599
03665
07111
02994
00654
02138
08194
04795
00046
05921
02091
03012
09341
09046
06892
09146
02538
04272
01511
02472
00568
03898
04053
07321
03968
09471
06183
01001
04398
06209
06249
04420
04467
00528
02611
01943
00226
07877
00616
03436
04608
05869
08198
05887
04242
03812
05293
02578
07967
01060
06834
04304
07040
08692
05718
03272
06059
04201
09166
07991
04878
09767
08112
09314
07169
09976
09879
05944
00360
00706
07307
09082
08179
03942
09675
00668
01976
02474
03524
05062
08880
09687
01799
00725
09916
08627
01353
03545
02369
05000
03723
03713
08325
04828
03963
02013
00042
02434
04299
04630
08232
02025
02307
09936
01783
05827
09091
02216
01618
09286
07874
04326
06043
09434
01384
02622
09895
01955
02344
04417
09606
07532
07066
08888
05320
05634
03912
04470
07515
00597
05021
07192
02038
02809
07314
09841
08466
00087
06065
06202
08176
09495
03009
06900
06382
08285
03114
06710
09756
01285
09013
00255
00751
08257
02655
00585
07189
06366
09552
07982
00724
03774
00776
03557
00127
08216
05776
05806
09685
02218
09593
02651
06229
04277
00715
09645
08296
08973
00915
06470
01764
03134
01977
09126
03333
05700
08259
04081
05769
00960
02895
02424
09125
08359
05908
04281
04820
05287
01688
09627
04601
08196
00320
06837
00409
09869
00743
03121
02283
00916
07218
06149
01544
02439
09537
08807
03802
02117
07365
01797
09789
00440
05548
07495
06289
07827
00898
05308
01012
06151
08521
04857
00913
04043
07642
03122
02948
01610
06442
08778
07163
06882
01437
08002
05399
01825
01259
08246
05880
02333
00530
01570
07252
04965
09883
05193
09303
00485
09815
03849
04462
03250
01674
04737
01607
03216
07434
03480
09861
01272
01634
00505
04025
09178
00849
04720
01742
01260
00012
08064
00487
08503
09880
03783
00925
01702
00631
03488
07944
01920
08519
09336
04747
00180
02555
03390
01295
02695
04295
08025
05224
03628
07436
01543
07398
04979
08327
08862
07304
03035
01089
02924
06371
08191
03057
07593
05256
08833
04022
08210
09266
06545
07528
08702
00092
07572
02293
05348
01898
01095
07986
09571
05826
04183
09844
07247
04182
07901
02197
04786
01667
00413
09945
01739
05691
03571
05141
08057
06848
06501
02475
09472
05114
02480
08937
09316
08033
01966
00188
02368
04368
03291
04593
09264
07939
00280
03959
00614
00278
05364
04886
06576
08271
00899
09144
05060
01326
07573
00684
09734
07485
06406
