07982
46256
24401
53746
44615
32965
04583
14106
64003
39468
69943
26524
39157
38763
39520
60930
50516
18697
62538
18036
48039
22355
03404
05257
21052
35193
04951
69505
18871
37196
26525
22844
01669
33638
13183
43938
32064
12935
21635
02967
05700
20043
39994
09324
67998
38650
56757
63852
65702
63427
33889
63623
12502
49640
30421
66935
35534
43109
62206
61097
27120
13442
32724
22701
56012
04530
19108
47550
66665
17357
69405
49626
19945
44202
15837
12909
49013
16870
61462
51106
14991
54754
10046
67160
61967
63105
26482
64542
20677
00159
67212
62575
11175
13759
44007
47202
43227
26202
20400
33116
17789
03277
16408
22084
23606
27336
23071
40543
13098
42626
57988
28703
59487
40169
02499
23673
28572
22152
14784
14904
00981
61505
24970
56425
06336
32116
26820
44068
44684
62573
69359
46137
24573
58572
19525
05371
47555
26959
53419
52361
09094
10548
46437
08398
45915
16783
42077
43521
32810
31932
22947
10734
21095
17590
13653
53238
59364
61757
44384
54603
43930
36348
24171
18569
12657
00589
65451
15705
12271
26707
13816
47888
09116
39517
08460
46954
47957
16822
02680
62951
58041
35196
11813
48714
68337
30663
52531
66255
06756
33102
41364
52871
14070
53226
18275
39945
61934
17051
40257
26166
55659
52138
14661
23869
26443
46102
33895
47244
25835
14562
11885
08404
14486
49404
66971
64773
26333
10002
27015
11905
56707
12217
53734
13377
08971
63026
33672
09311
32307
65503
05969
20655
65059
05479
55373
68855
67123
06406
21253
14138
23645
43465
23773
50751
65917
55844
23788
59279
50960
14183
52833
10662
53812
46526
42140
57555
46303
01945
11828
00474
43167
54532
06194
50999
23446
16336
51964
66045
66693
27820
05927
03575
21738
04563
00856
36139
02541
58126
55124
42414
33518
10651
07192
55510
54659
15616
17448
30142
32048
34632
28990
12666
02545
43322
26326
21851
64150
21414
33545
10657
66878
10235
27895
54638
41424
45087
48754
69179
14795
67208
07976
08956
55294
13439
44896
16323
62118
56603
28521
11111
37769
39169
45017
61899
10404
34669
41964
41295
52608
63128
08081
28918
59654
04287
28755
43179
00123
51232
61168
52370
05634
20993
47179
26714
08961
21884
34989
11658
41976
27445
19582
60594
55648
03970
67714
00237
62440
12273
17068
53194
66850
02428
08780
66393
43499
47849
36890
50057
37307
40043
44315
33720
68417
38781
33419
19493
17100
51995
50052
40449
50250
42044
36722
62147
00501
18884
02466
38151
42467
17861
43775
28262
46541
03227
66183
41026
64274
43904
55976
34641
25532
68468
11250
63400
43839
41702
37909
18382
30339
22371
41089
68120
56733
29913
59670
33117
12630
10042
45277
48347
52640
66567
69683
02662
36417
30012
66224
53835
47924
38229
05528
52263
52822
13418
05892
28183
69242
68886
58792
42859
25145
63797
00846
22719
68771
21391
59618
02985
25945
12786
39114
18561
46475
56487
16155
34348
26846
28378
69555
36781
11280
14651
14778
55083
17626
59128
66090
20833
04282
45637
22600
63343
06093
32563
14760
19351
07290
56049
36269
66757
56438
19523
14761
48481
66789
54846
59541
12180
21344
11221
40177
00088
24298
35719
67963
59532
36995
56720
32367
23690
06999
34017
19358
67735
03842
68177
51451
53350
62380
13721
58576
51799
21661
14429
52760
46708
61626
55503
51673
07787
52583
02870
42253
28589
58947
06356
45412
28563
59053
48957
64613
12953
54793
51291
32835
34739
69667
15351
56793
12002
25873
43983
16078
15406
17139
45494
13580
01785
60173
66833
04089
57292
30616
63572
62424
34446
26461
67554
30718
06593
57364
24814
54721
49747
15474
48013
33118
33612
52242
16054
62924
18199
30903
52610
35847
50188
57793
14243
33974
27122
01792
30240
39322
57742
27041
46820
13575
59585
35143
17108
36223
68493
03588
58054
66597
37609
08578
10121
51974
55512
40139
54595
05801
61649
35936
56221
50217
01255
25125
23117
16762
16589
08502
03659
37654
67415
63069
50225
18312
07052
16958
56381
58437
44263
53614
58461
10115
21260
46272
21195
11379
52937
35774
64017
54324
45867
25687
55180
20775
48622
19777
15701
28897
09639
38370
32731
15975
17456
42076
37434
49928
47530
21474
65199
09135
68144
39444
31971
01519
48778
43960
21277
29894
03369
29591
24382
42839
13144
67107
22386
40794
55268
03624
24432
11495
22216
60858
56883
59424
16940
61873
64800
25764
32605
44972
66674
35084
35287
19739
63420
18589
46484
01845
28758
12402
29731
01974
26249
53618
15165
61838
62690
27785
46621
41863
53273
23468
05159
13922
28184
20412
51589
02837
08243
13493
10601
61386
61632
28560
10924
60937
38521
20021
52938
46249
40133
38130
14406
08277
30083
50652
56589
40736
33801
24427
15750
37351
33012
02828
33299
09344
63923
55390
40238
43433
59701
09337
16481
21186
02697
01549
46632
29706
29994
11487
68411
32846
10264
56024
24807
07345
16275
41271
17511
54741
23622
59988
17303
55116
12050
32167
01015
32938
69646
31681
25652
17597
38713
02299
56113
17094
26600
25911
37591
05239
01230
28065
60469
12036
17571
47605
68931
06302
66205
05013
00109
56672
08806
11034
46026
10955
43124
67914
40783
45042
44332
35610
07295
02271
24829
38870
42363
50579
62799
58643
01944
31743
59494
28182
02018
14830
60377
50784
58672
19920
41196
44845
02030
15433
66761
26617
15598
43971
25648
66909
51906
24183
55711
34342
40912
67249
54380
52099
58904
41141
37724
37124
01316
59156
53098
23892
54232
50328
32507
00711
34609
56325
54369
10382
08290
13103
08268
22242
34329
02208
44856
40382
14537
06842
05349
29083
32277
27981
40439
15834
45632
60120
62435
69455
02113
46439
29539
06957
51533
63254
57166
22964
64816
10564
64419
28524
62707
03220
46357
48863
59013
33982
22214
08945
55220
16869
59684
50566
52715
58242
02660
05469
17547
43495
20354
11011
10767
35909
50896
22689
31241
51930
36288
51962
21471
26301
32839
38461
05302
11861
08779
66487
51490
44735
08316
46472
58410
04979
62532
61139
23848
18693
62717
40902
57460
21896
26586
56827
20029
23380
26092
27950
55493
62800
61770
41034
22231
26449
03136
53210
16203
60397
65087
35797
04461
13748
15157
05474
06901
23683
51813
27916
15037
66980
04297
16599
08681
37677
52164
46192
28419
33351
09592
46540
56457
41518
53156
32770
49147
26407
60825
40875
01173
22339
46348
04251
52829
35042
43949
62861
30766
64266
47493
25268
52811
33753
10571
39000
28880
05214
07863
01865
36907
46599
58707
47767
22309
35619
32996
55315
47176
01725
29243
04759
41780
25230
29903
14649
67519
16732
24593
06864
36893
37754
41710
07074
53076
36370
31728
52366
58325
38085
38591
34164
03496
14935
33450
16544
07732
06576
28586
13474
42012
53901
64930
35175
59878
04413
18773
17349
15454
26453
00212
64552
25353
22879
36568
57964
03156
31555
53006
20551
44447
16126
36487
24965
45777
13278
16542
59474
52841
64120
62015
35109
63239
50359
25235
69609
53097
50139
63906
45972
34447
31465
53725
58614
41066
00674
68217
35055
28578
14617
02323
54804
61459
29541
01367
35681
22332
52321
54133
04619
35568
65346
64302
07383
40183
25815
47290
34808
09476
49214
04444
22361
47330
15874
41604
53937
68082
31413
69465
14104
46882
11037
22070
20475
45094
28526
03017
48619
53555
12279
54170
02077
63268
20255
10181
25719
30597
06979
15826
03215
19470
49437
37751
23769
64914
46760
27381
32870
11662
14101
24053
50778
11162
18834
52572
08327
16307
10747
30555
57989
19193
08509
15848
03252
03449
61719
08972
61745
12619
63093
23738
41448
13807
47245
47774
19343
04015
46443
49689
13937
55810
54952
44776
28916
02215
51708
10457
69803
28142
19272
11289
37353
61917
30254
27838
31156
62661
46061
18868
65447
47596
42237
43889
15166
51027
19038
02904
11779
23274
29730
40285
54086
03079
22507
64562
50704
31063
27050
02164
26104
08802
56483
69460
35445
22463
40505
07463
66662
39224
51965
43713
53248
26901
22660
02180
18332
12282
32434
15739
54766
08260
69266
61861
32920
25782
64744
37225
42592
43972
15847
64638
16168
26865
11652
64270
11807
01929
53907
62843
40988
58282
64972
33168
25663
42612
65686
02763
48998
68952
67948
20360
33621
42741
25847
23201
67303
18940
63555
26261
39305
08136
41029
48090
38092
17165
47243
32838
48314
52791
52335
38993
43353
49328
53032
18369
38376
38709
42804
34700
54265
05695
00946
25895
35061
12710
02925
07366
22263
17406
49665
47346
44920
44747
32211
14527
02733
53569
40460
13662
04503
19686
24335
03820
07332
17214
00991
04489
47231
49122
63703
30453
64163
33336
32511
22136
44186
13973
04033
03772
53234
14208
19846
59564
60251
00089
07360
65685
37912
24409
21147
45863
61885
52113
40711
61085
02039
08005
44717
27009
68606
44600
27849
46622
20904
38246
61897
36628
60121
60617
46013
11809
50746
01772
40777
55906
37572
07495
45892
55663
38767
09695
11326
48588
60890
69987
50016
54993
41930
65585
21964
09123
57592
69613
56307
56640
44870
13365
14869
35985
14691
41739
28037
14815
34274
52007
68518
09661
14635
42910
45633
41334
47781
55948
43751
53912
01083
13644
11006
21073
47828
20129
04079
31084
52979
14503
21239
48302
18796
54306
24955
55440
57206
14885
04968
43201
33660
45565
34171
20613
37274
48715
39073
02172
68696
33927
37945
34789
30371
24616
08868
11179
17503
32361
17263
66758
55138
23933
55414
21406
15693
18945
05691
54516
69916
40572
18745
43788
27512
42578
56075
30345
66253
33775
63113
46733
66755
06422
45470
21181
68126
38267
09763
58747
53690
55157
53686
62685
20630
63394
17047
03034
55333
30164
49017
67234
08265
16470
38615
43896
30438
58239
39194
54814
18544
48974
22637
01747
22389
53236
14984
27537
30082
66016
01726
16781
15147
55876
22979
48605
33463
69376
19627
28975
42633
52890
40216
66438
13492
11409
29302
67274
21110
57832
44193
45271
20963
65598
49024
66496
59350
04757
26416
37661
08994
16834
36769
16260
01388
37730
15059
26905
57803
69740
32410
26620
10744
59025
24921
68021
23171
57245
15060
52980
35513
67579
18430
02687
06277
29060
54264
26706
52299
02878
66673
21491
07043
16856
29145
18495
24670
03111
02432
66957
16086
33836
26430
21345
31989
67660
43307
58974
39008
33095
14192
02348
18254
12787
00939
52311
54718
10205
45079
43217
29099
65385
67309
05562
27622
34830
60312
26112
23341
05558
04988
04943
31917
06603
59738
24180
24082
40787
59212
34903
36228
37687
32377
25043
67753
45537
20867
48850
35623
07084
53375
53114
59069
10212
07605
24891
29718
65576
15343
18390
47128
34877
09895
47152
48142
61974
62376
33939
12750
05042
18358
09613
23731
38705
04026
17215
14840
65483
37334
65119
38087
18192
27412
44365
42124
41336
18214
10361
56303
61214
36380
56279
64397
64911
65937
08019
01894
66315
01959
35102
38207
67729
44489
65471
36107
44687
56738
07234
26413
38883
20712
02534
38826
27904
37464
15468
62889
56390
57902
32132
18681
69528
32753
46318
02079
13519
19079
61860
62565
00842
49773
49718
50649
39006
09847
67011
16116
48459
62026
04224
50530
34230
52365
20836
30774
14014
01185
32781
60981
55252
14899
52878
39310
54643
10686
64121
35247
42939
54755
25069
18550
21311
25939
47157
35044
06841
37222
47136
15846
13163
53005
10906
39756
53041
23955
19323
52332
62942
29038
62219
63130
57011
01543
48756
23296
52251
52477
07342
62846
48455
52570
36188
61938
20909
40919
30509
51653
67045
17980
37542
23636
47147
51153
18578
01160
53900
23055
64608
35784
25078
03224
30490
13574
29204
28425
02353
11750
12164
26602
14506
11115
35870
00382
11483
44588
44296
17658
53355
56242
42931
05676
40725
58058
12632
52575
23056
38687
53428
10399
17727
32506
24099
69098
38756
30793
48246
65899
15427
03324
67053
28640
20121
57570
16984
38028
30704
45332
24241
54908
48338
66457
26183
62715
55978
48051
64482
48527
38127
26171
44232
22764
40189
29322
69668
45210
09075
21681
13121
42252
48811
57267
23108
61930
22938
59994
01150
37619
46983
28464
31259
62117
49116
58200
55811
50856
35813
63899
20429
68125
57228
06549
06073
55825
16450
01571
58019
16992
49550
45804
45439
29126
13877
16041
26718
27252
53808
05374
53052
50555
63173
48265
35318
66867
58134
56859
16442
58599
67605
39942
19869
20778
62492
62710
03212
24032
06157
33096
35056
06761
62044
22653
55465
05565
12760
42761
25672
68631
22115
13858
15560
12645
15338
14765
14866
48004
17956
14323
38553
27696
66452
16010
69432
62663
64767
29766
57517
22739
51724
33909
09027
54180
11316
51258
38911
01233
28714
36305
51108
37854
69470
68986
58438
37947
07376
38599
60972
61421
67899
55412
42036
05305
16738
02748
41785
51601
23856
32699
24843
52490
26664
60471
16939
37142
53479
12191
33258
14269
13067
64541
43132
20039
10886
33120
30967
08623
63872
20301
13814
19497
48078
54405
17738
54972
52108
05687
11268
31159
36296
27384
21413
57179
61533
23812
44957
11669
40159
38838
68979
62608
14025
40665
31867
68489
43850
10246
01190
62013
43551
59223
09614
51805
50699
22159
11743
57888
16219
09077
53642
28819
19448
01547
42699
28857
56338
46093
58590
21456
59182
21160
14641
64524
64291
13199
26796
62442
48418
22058
47271
43026
52562
68129
11352
38162
28747
45729
60796
36389
26836
30759
61836
21501
51537
15194
52666
03609
04862
50498
20519
29954
56060
11708
49045
03264
49616
13779
05153
43609
13080
15265
43258
30489
08037
13507
42564
27969
09663
39015
30370
36494
45369
52389
31918
07997
28241
53517
66387
03673
19063
60507
22081
57407
32918
14474
39596
23829
68428
09656
69074
24043
21190
29411
54196
53104
47670
27491
03294
01403
48192
29190
67488
09553
04542
53035
55517
15029
20902
04899
42464
13849
63773
48315
06780
18488
18288
07640
62077
61063
60054
39178
58017
44109
11079
12339
46220
25575
21207
62176
36617
47370
59626
09449
02619
43704
36096
69673
48795
39093
16279
46429
24641
53544
11197
04365
16393
20949
61962
55658
52947
50627
67099
59448
35769
48291
20869
19367
56335
13402
12889
28087
22580
53659
55895
14712
68434
46973
65142
53367
22405
32052
07726
39257
57323
38048
15469
05423
68184
02723
40016
54575
51456
14462
19968
61874
45742
35279
63099
21257
30949
13908
02103
61363
05728
41508
28851
09750
16189
57768
57743
40267
22691
57287
28761
65747
39409
62367
46100
33644
65105
46590
32095
51783
66982
05363
14073
31911
12384
43747
67853
40384
41855
15953
39880
36925
25805
20699
68593
22301
42239
09177
40860
16728
35848
52056
56689
51555
19416
24764
61321
65063
46644
08394
16916
07148
46598
19176
42688
50842
38651
60215
39726
09844
34370
69535
30981
00011
47557
59410
37514
18134
28583
62527
69932
06501
14197
16556
53950
62321
64257
09380
55102
33604
39844
11806
52023
07012
08378
24952
03254
27098
01430
61091
47160
48507
53570
53748
05020
47469
45015
51994
24240
60197
39321
27908
44961
32224
48966
35731
09504
48551
00153
58483
46063
41810
22132
09743
40409
28630
63783
11965
24639
54697
18509
67489
02981
57845
16208
52146
12912
04028
58247
41054
45230
58138
12737
69079
38923
52868
09087
25346
46452
00699
52412
36083
30768
38972
24816
12290
56693
15176
33865
00012
65620
41180
32370
28248
27446
62402
03916
51923
01302
17913
63662
12516
10069
42703
24373
54450
46327
59048
49019
50199
35103
41680
11249
26786
28732
13360
60738
07883
08310
24792
25603
40056
00345
47699
31066
28968
16857
43560
63416
11485
50622
50740
30014
10561
07132
53173
17447
11336
08986
69165
48388
23188
39660
21142
44671
41953
41152
38570
00136
46330
60093
44502
02028
14689
45882
40909
36250
45151
59184
65137
69973
59578
57291
43145
35653
13802
50816
08976
32628
05486
66490
66013
19801
06683
58161
31441
55320
15275
16908
38655
57761
40087
21425
43684
43277
47411
23473
44443
68361
63171
23100
49677
32083
06973
06017
48440
67529
64457
49520
20295
49004
02461
50279
10492
06696
21390
60172
32335
02429
10842
13689
48933
47538
69927
33864
20038
27861
25741
08156
13120
05405
35862
67355
32250
38307
24884
12679
57977
09568
20759
67434
69610
19100
58216
68685
22186
51791
28796
09675
22410
02455
45651
18905
27253
63352
64617
22721
49603
62168
39834
03835
66110
11810
55246
59060
36821
04362
21306
29053
12616
38077
30629
21563
09141
01380
67585
40487
03706
06268
44062
39919
17432
30277
64765
09444
63718
39277
34545
34441
21985
28274
14881
65663
25573
35349
30520
00130
39352
18876
49920
53456
38390
17128
10038
02538
53183
11691
66202
59520
14693
41025
35261
19810
53495
62658
49841
02725
18065
25667
40378
57889
67120
58409
35012
02980
46031
54616
08662
19456
62239
29663
20996
31711
68876
40960
49667
09403
23179
57369
44888
68762
22827
13850
13751
24924
60436
55881
42446
12444
01813
66264
62356
36373
13305
49874
48434
58312
20599
48230
53306
15904
65871
09253
00418
30136
01671
46961
18837
40386
06829
22054
44628
07856
22082
61633
26014
07403
58061
56556
56721
12107
63681
24118
37453
18361
51781
30363
20260
32916
01793
10826
30285
68030
47403
33457
18576
28303
16257
06733
54378
49904
10339
30405
61463
54134
55353
42071
61352
08705
05449
38448
37881
40152
12518
49347
27635
49918
57894
57843
31238
58223
49549
62377
57484
61503
47465
00877
20221
52481
48346
69876
62122
43885
40308
38177
37164
48564
02821
47164
65630
47317
38168
35893
38292
36002
31032
05946
51476
65225
46315
39174
57798
55847
27741
66812
27267
61429
42558
10165
56928
04999
37338
03207
56565
26470
39318
32583
54136
60675
00734
01098
43874
24350
48982
63810
53174
07445
52516
52542
06871
29673
60444
64733
47473
59437
52061
12885
26799
29089
14936
13072
34098
24481
52810
20527
17986
60495
31374
36390
32436
41669
49581
57047
59966
36077
55417
14579
45374
03072
22182
63889
12593
11072
34353
21180
18675
68033
23762
31347
34698
07065
24039
22266
69856
22750
50768
16573
53162
42299
14536
48237
09343
10147
05703
08619
19645
45866
46451
46440
06347
26513
34816
60046
53227
40806
33906
08092
61498
62731
43638
64499
47520
52867
59661
60087
16679
45513
32488
16773
27710
02721
47032
42201
02926
25227
06820
27767
06159
68785
47782
39377
31652
29132
40001
09563
59286
22353
20496
35116
64186
40745
41126
43937
07916
52029
25486
45170
27634
30655
49854
34235
62780
17346
57086
64954
60666
02948
18902
09589
17915
29652
47574
30993
37819
67818
21578
01127
16085
57162
53132
47793
14851
01686
41777
32013
05698
51840
43537
27659
43730
40780
37045
64600
42941
21607
09041
35314
18924
64612
24990
56029
50472
08975
11720
63528
22411
36618
16817
25551
68652
34095
15216
63285
47515
28940
11194
16432
65477
14650
52801
18466
65416
00167
58621
32199
45571
26769
47078
15181
12602
55871
52746
18503
12000
22125
11143
11054
43162
08922
28462
00974
08624
64660
59616
43104
16601
53561
29500
64473
07981
41600
34374
51407
65181
13613
40438
12738
12284
26305
15267
13980
24657
68538
34134
04101
12605
35895
42119
31769
65566
02899
07468
46046
20351
26344
47315
29560
44751
09165
21298
18215
02266
45423
08435
67305
31046
29474
43237
16802
03065
48630
42968
00533
33689
30064
60212
45712
24458
64067
65296
11491
00419
37791
37666
32327
37804
44657
65499
14897
02744
32246
55288
35674
16290
38571
44688
17670
31404
64509
46665
63521
